FRAMES = 10
HIGH = 9.7772
LOW = 8.86548
AVG = 9.33502
