FRAMES = 10
HIGH = 9.72343
LOW = 8.52567
AVG = 9.27369
