FRAMES = 10
HIGH = 9.56966
LOW = 8.66121
AVG = 9.20499
