FRAMES = 10
HIGH = 9.68588
LOW = 8.74592
AVG = 9.18206
